99999
2
3
4
99999
6
7
8
99999
10
11
12
99999
14
15
16
99999
18
19
20
99999
99999
23
24
99999
26
27
28
99999
30
31
32
99999
34
35
36
99999
99999
39
40
99999
42
43
44
99999
46
47
48
99999
50
51
52
99999
99999
99999
56
99999
58
59
60
99999
62
63
64
99999
66
67
68
99999
70
71
72
99999
99999
75
76
99999
99999
79
80
99999
82
83
84
99999
86
87
88
99999
90
91
92
99999
94
95
96
99999
98
99
100
99999
102
103
104
99999
106
107
108
99999
110
111
112
99999
114
115
116
99999
118
119
120
99999
122
123
124
99999
126
127
128
99999
130
131
132
99999
134
135
136
99999
99999
139
140
99999
142
143
144
99999
99999
147
148
99999
150
151
152
99999
154
155
156
99999
158
159
160
99999
162
163
164
99999
166
167
168
99999
170
171
172
99999
174
175
176
99999
178
179
180
99999
182
183
184
99999
186
187
188
99999
190
191
192
99999
194
195
196
99999
198
199
200
99999
99999
203
204
99999
99999
99999
208
99999
99999
211
212
99999
214
215
216
99999
218
219
220
99999
99999
223
224
99999
226
227
228
99999
230
231
232
99999
99999
235
236
99999
238
239
240
99999
242
243
244
99999
246
247
248
99999
250
251
252
99999
254
255
256
99999
99999
99999
260
99999
262
263
264
99999
266
267
268
99999
270
271
272
99999
274
275
276
99999
278
279
280
99999
282
283
284
99999
286
287
288
99999
99999
291
292
99999
99999
295
296
99999
298
299
300
99999
302
303
304
99999
306
307
308
99999
310
311
312
99999
314
315
316
99999
99999
319
320
99999
322
323
324
99999
326
327
328
99999
330
331
332
99999
99999
335
336
99999
338
339
340
99999
342
343
344
99999
346
347
348
99999
350
351
352
99999
354
355
356
99999
358
359
360
99999
362
363
364
99999
366
367
368
99999
370
371
372
99999
374
375
376
99999
99999
379
380
99999
99999
383
384
99999
99999
387
388
99999
390
391
392
99999
99999
395
396
99999
398
399
400
99999
402
403
404
405
406
407
408
409
410
411
412
413
414
415
416
417
418
419
420
421
422
423
424
425
426
427
428
429
430
431
432
433
434
435
436
437
438
439
440
441
442
443
444
445
446
447
448
449
450
451
452
453
454
455
456
457
458
459
460
461
462
463
464
465
466
467
468
469
470
471
472
473
474
475
476
477
478
479
480
481
482
483
484
485
486
99999
99999
99999
99999
99999
99999
99999
99999
99999
99999
99999
99999
99999
99999
501
502
99999
99999
99999
99999
507
508
509
510
511
512
513
514
515
516
517
518
519
520
521
522
523
524
525
526
527
528
529
530
531
532
533
534
535
536
537
538
99999
99999
99999
99999
99999
99999
99999
99999
99999
99999
99999
99999
99999
99999
99999
99999
99999
99999
99999
99999
99999
99999
99999
99999
99999
99999
99999
566
567
99999
569
570
99999
99999
99999
99999
99999
99999
99999
578
579
580
581
582
583
584
99999
99999
99999
99999
99999
99999
99999
99999
99999
99999
99999
99999
99999
598
599
600
601
602
603
604
605
606
607
608
609
610
611
99999
99999
614
99999
99999
99999
99999
619
620
99999
622
623
99999
625
626
627
628
629
630
631
632
633
634
635
636
637
638
639
640
641
642
643
99999
99999
99999
99999
99999
99999
99999
651
652
653
654
655
656
657
658
659
660
661
662
663
664
665
666
667
668
669
670
671
672
673
674
675
99999
677
678
99999
99999
99999
99999
99999
684
99999
686
687
688
689
690
691
692
693
694
695
696
697
698
99999
99999
99999
99999
99999
99999
99999
99999
99999
99999
99999
99999
99999
99999
713
714
99999
99999
99999
99999
719
720
721
722
723
724
725
726
727
728
729
730
731
732
733
734
735
736
737
738
739
740
741
742
743
744
745
746
747
748
749
750
751
752
99999
99999
99999
99999
99999
99999
99999
99999
99999
99999
99999
99999
99999
99999
99999
99999
99999
770
771
772
773
774
775
776
777
778
779
780
781
782
783
784
785
786
787
788
789
790
791
792
793
794
795
796
797
798
799
800
801
802
803
804
805
806
807
808
809
810
811
812
813
814
815
816
817
818
819
820
821
822
823
824
825
826
827
828
829
830
831
832
833
834
835
836
837
838
839
840
841
842
843
844
845
846
847
848
849
850
851
852
853
854
855
856
857
858
859
860
861
862
863
864
865
866
867
868
869
870
871
872
873
874
875
876
877
878
879
880
881
882
883
884
885
886
887
888
889
890
891
892
893
894
895
896
897
898
899
900
901
902
903
904
905
906
907
908
909
910
911
912
913
914
915
916
917
918
919
920
921
922
923
924
925
926
927
928
929
930
931
932
933
934
935
936
937
938
939
940
941
942
99999
99999
99999
99999
99999
99999
99999
950
951
952
953
954
955
956
957
958
959
960
961
962
963
964
965
966
967
968
969
99999
99999
99999
99999
99999
99999
99999
99999
99999
99999
99999
99999
99999
99999
99999
99999
99999
987
988
99999
990
991
99999
99999
99999
99999
99999
99999
99999
99999
99999
99999
99999
1003
1004
1005
1006
1007
1008
1009
1010
1011
1012
1013
1014
1015
1016
1017
1018
1019
1020
1021
99999
99999
99999
99999
99999
1027
99999
1029
1030
1031
1032
1033
1034
1035
1036
1037
1038
1039
1040
1041
1042
1043
1044
1045
1046
1047
99999
99999
99999
99999
99999
99999
99999
99999
99999
1057
99999
99999
99999
99999
1062
1063
1064
1065
1066
1067
1068
1069
1070
1071
1072
1073
1074
1075
1076
1077
1078
1079
1080
1081
1082
1083
1084
1085
1086
99999
99999
99999
99999
99999
99999
99999
99999
99999
99999
99999
99999
99999
99999
99999
1102
99999
99999
1105
99999
99999
99999
99999
1110
1111
1112
1113
1114
1115
1116
1117
1118
1119
1120
1121
1122
1123
1124
1125
1126
1127
1128
1129
1130
1131
1132
1133
1134
1135
1136
1137
1138
1139
1140
1141
1142
1143
1144
1145
1146
1147
1148
1149
1150
1151
1152
1153
1154
1155
1156
1157
1158
1159
1160
1161
1162
1163
1164
1165
1166
1167
1168
1169
1170
1171
1172
1173
1174
1175
1176
1177
1178
1179
1180
1181
1182
1183
1184
1185
1186
1187
1188
1189
1190
1191
1192
1193
1194
1195
1196
1197
1198
1199
1200
1201
1202
1203
1204
1205
1206
1207
1208
1209
1210
1211
1212
1213
1214
1215
1216
1217
1218
1219
1220
1221
1222
1223
1224
1225
1226
1227
1228
1229
1230
1231
1232
1233
1234
1235
1236
1237
1238
1239
1240
1241
1242
1243
1244
1245
1246
1247
1248
1249
1250
1251
1252
1253
1254
1255
1256
1257
1258
1259
1260
1261
1262
1263
1264
1265
1266
1267
1268
1269
1270
1271
1272
1273
1274
1275
1276
1277
1278
1279
1280
1281
1282
1283
1284
1285
1286
1287
1288
1289
1290
1291
1292
1293
1294
1295
1296
1297
1298
1299
1300
1301
1302
1303
1304
1305
1306
1307
1308
1309
1310
1311
1312
1313
1314
1315
1316
1317
1318
1319
1320
1321
1322
1323
1324
1325
1326
1327
1328
1329
1330
1331
1332
1333
1334
1335
1336
1337
1338
1339
1340
1341
1342
1343
1344
1345
1346
1347
1348
1349
1350
1351
1352
1353
1354
1355
1356
1357
1358
1359
1360
1361
1362
1363
99999
99999
99999
99999
99999
99999
99999
99999
99999
1373
99999
1375
1376
99999
99999
99999
99999
1381
1382
1383
1384
1385
1386
1387
1388
1389
1390
1391
1392
1393
1394
1395
1396
1397
1398
1399
99999
99999
99999
99999
99999
99999
99999
99999
99999
99999
99999
99999
99999
99999
99999
99999
99999
99999
99999
99999
99999
99999
99999
99999
99999
99999
1426
1427
1428
1429
1430
1431
1432
1433
1434
1435
1436
1437
1438
1439
1440
1441
1442
1443
1444
1445
1446
1447
1448
1449
1450
1451
1452
1453
1454
1455
1456
1457
99999
99999
1460
99999
99999
99999
99999
99999
99999
99999
1468
1469
99999
1471
1472
99999
1474
1475
1476
1477
1478
1479
1480
1481
1482
1483
1484
1485
1486
1487
1488
1489
1490
1491
1492
1493
1494
1495
1496
1497
1498
1499
1500
1501
1502
1503
1504
1505
1506
1507
1508
1509
1510
1511
1512
1513
1514
1515
1516
1517
99999
99999
99999
99999
99999
99999
99999
99999
99999
99999
99999
99999
99999
1531
1532
1533
1534
1535
1536
1537
1538
1539
1540
1541
1542
1543
1544
1545
1546
1547
1548
1549
1550
1551
1552
1553
1554
1555
1556
99999
99999
99999
99999
1561
1562
99999
1564
1565
99999
1567
1568
1569
1570
1571
1572
1573
1574
1575
1576
1577
1578
1579
1580
99999
99999
99999
99999
99999
99999
99999
99999
99999
99999
99999
99999
99999
1594
1595
1596
1597
1598
1599
1600
1601
1602
1603
1604
1605
1606
1607
1608
1609
1610
1611
1612
99999
99999
1615
99999
1617
1618
99999
99999
99999
99999
1623
1624
99999
1626
1627
1628
1629
1630
1631
1632
1633
1634
1635
1636
1637
1638
1639
1640
1641
1642
1643
1644
1645
1646
1647
1648
1649
1650
1651
1652
1653
1654
1655
1656
1657
1658
1659
1660
1661
1662
1663
1664
1665
1666
1667
1668
1669
1670
1671
1672
1673
1674
1675
1676
1677
1678
1679
1680
1681
1682
1683
1684
1685
1686
1687
1688
1689
1690
1691
1692
1693
1694
1695
1696
1697
1698
1699
1700
1701
1702
1703
1704
1705
1706
1707
1708
1709
1710
1711
1712
1713
1714
1715
1716
1717
1718
1719
1720
1721
1722
1723
1724
1725
1726
99999
99999
99999
99999
99999
99999
99999
99999
1735
1736
99999
99999
99999
99999
99999
99999
99999
99999
99999
99999
99999
99999
99999
99999
99999
99999
99999
1754
1755
1756
1757
1758
1759
1760
1761
1762
1763
1764
1765
1766
1767
1768
1769
1770
1771
1772
1773
1774
1775
1776
1777
1778
1779
99999
99999
99999
99999
99999
1785
99999
1787
1788
99999
1790
1791
1792
1793
1794
1795
1796
1797
1798
1799
1800
1801
1802
1803
1804
1805
1806
1807
1808
1809
1810
1811
1812
1813
1814
1815
1816
1817
1818
1819
1820
1821
1822
99999
99999
99999
99999
1827
99999
1829
1830
99999
99999
99999
99999
99999
99999
99999
99999
99999
99999
99999
99999
99999
99999
99999
99999
1847
1848
99999
99999
99999
99999
99999
1854
99999
99999
99999
99999
1859
1860
99999
99999
1863
99999
1865
1866
99999
99999
99999
99999
99999
99999
99999
99999
99999
99999
99999
99999
99999
1880
1881
99999
99999
99999
99999
99999
1887
99999
1889
1890
99999
99999
1893
99999
99999
99999
99999
1898
1899
99999
99999
99999
99999
99999
99999
99999
99999
1908
99999
99999
1911
99999
99999
99999
99999
99999
99999
99999
99999
99999
99999
1922
1923
99999
1925
1926
99999
99999
99999
99999
99999
99999
99999
99999
1935
99999
99999
99999
99999
99999
99999
99999
99999
99999
99999
99999
99999
99999
99999
99999
99999
1952
99999
99999
